1575016400 1 0
1575016541 1 1
1575017887 1 2
1575539549 2 2
1575620446 3 2
1586068562 4 2
1586068618 5 2
1587123210 6 2
1587124390 7 2
1587124795 8 2
1587181803 9 2
1587181835 10 2
1587288327 11 2
1587288614 12 2
1587363938 13 2
1587369943 14 2
1587370001 15 2
1587370268 16 2
1587445488 17 2
1587446008 18 2
1587446106 19 2
1587448528 20 2
1587459520 21 2
1587460162 22 2
1587461396 23 2
1587537607 24 2
1587547807 25 2
1587659830 26 2
1587728380 27 2
1587728561 28 2
1587964171 29 2
1587964850 30 2
