1575016400 1 0
1575016541 1 141
1575017887 1 141
1575539549 2 141
1575620446 107 141
1586068562 128 141
1586068618 128 141
1587123210 129 141
1587124390 129 141
1587124795 135 141
1587181803 137 141
1587181835 140 141
1587288327 2674 141
1587288614 2674 141
1587363938 2675 141
1587369943 2676 141
1587370001 2676 141
1587370268 2679 141
1587445488 2766 141
1587446008 2772 141
1587446106 2775 141
1587448528 2780 141
1587459520 2783 141
1587460162 2794 141
1587461396 2806 141
1587537607 2807 141
1587547807 2974 141
1587659830 2976 141
1587728380 2976 141
1587728561 3143 141
1587964171 3248 141
1587964850 3249 141
